477
3474
191
1578
1393
2989
3313
1371
1848
1798
3885
901
397
2030
1282
756
1471
1691
985
618
160
3797
2684
2307
832
2026
1047
2122
1199
1281
438
1406
1334
988
4044
1265
2420
2315
4062
2955
566
255
68
3865
1635
3837
1416
3248
2392
374
3444
231
1104
978
969
1923
2155
976
900
1054
3348
3592
2039
1262
3950
3560
3190
435
1778
1678
3710
2126
862
1458
472
2727
345
2137
1373
2553
1547
2888
1077
373
2966
155
3757
1950
3835
1096
412
2861
3958
3472
936
138
3165
1236
2972
2606
3455
3506
324
3093
1360
3271
1856
1799
2083
2207
1809
2096
3738
2558
1637
1363
3965
1960
3233
4022
695
4080
3105
641
1881
3128
3728
3022
2383
3723
2361
3414
2150
3938
455
3282
3630
1873
3184
3903
713
3861
1042
433
2962
3577
3964
3308
1135
156
494
2683
3960
248
3269
3651
1509
3417
1816
1805
3616
2084
3086
1768
3050
3117
295
1777
3453
1359
2019
1465
2457
448
2264
551
3458
3714
192
885
1749
2371
2335
1656
3391
3656
322
262
2531
3620
1828
3666
3914
1868
3460
657
2173
3347
115
3318
3956
122
562
124
1745
1141
1212
2152
2752
3855
28
186
4040
990
3240
1984
3425
2002
2286
529
2341
1819
569
3847
106
3721
1355
2544
1036
2272
2459
1534
1494
3360
1891
2604
1699
3285
1890
1081
2896
1864
2456
1328
3750
1376
3301
2031
2846
2281
1686
303
4038
3490
2735
2673
3412
1532
2529
2520
3355
259
159
948
1525
3193
463
111
1153
1268
221
880
1350
1085
2032
671
330
2025
1888
3351
1748
2348
2627
2935
868
2807
2423
1622
1730
4079
2626
1588
1605
3587
2217
2474
895
2338
3144
602
1952
3176
696
3251
2930
1324
1444
2877
2357
637
979
4087
2765
1174
2985
1708
1554
2402
506
942
1882
2255
3111
1315
2766
1307
739
1288
3968
497
91
3564
2012
992
1915
2378
1715
3623
3448
3703
2526
3026
489
2105
957
87
310
3138
968
697
1349
1683
2876
1380
3896
3842
3611
3900
2238
1285
947
3781
2629
2288
3255
1752
2395
2546
1800
1857
428
1045
1677
711
1338
718
1977
151
1545
1536
906
2648
2884
2954
3702
72
2211
1657
892
3129
3316
7
743
2060
1090
3113
88
4002
40
1584
777
1399
1899
2460
860
4017
1576
2323
2572
487
3044
2162
3212
709
257
1590
218
3857
1644
3070
2125
95
2898
327
1709
3002
1987
878
3229
1492
2639
357
3386
2996
177
281
1002
3986
1771
3975
1231
3497
700
2581
2340
1059
2723
407
661
1010
328
1119
220
2991
3580
1208
923
1267
2367
1222
4066
2318
1001
4056
3544
1870
3912
3462
1696
2713
3641
3215
2743
2613
2860
1357
2413
2139
653
710
963
3777
1178
2043
3867
1958
1838
2859
3969
3612
1739
2123
3636
785
414
1617
1329
2995
3498
1028
941
1747
2644
2547
2734
65
935
1245
950
2027
810
442
1874
485
2692
37
2221
2865
3874
1631
2483
1311
1833
3075
2788
2184
2390
3675
611
2239
3856
2306
1668
3137
2074
896
1089
940
425
2605
1074
277
2514
1227
3443
3768
1168
2161
3114
4033
1082
3445
1392
2549
465
1589
3522
1029
3343
1253
3663
3863
1835
461
2055
1689
1988
1753
2197
2114
1522
3171
3501
2984
1210
4055
347
3546
62
3005
1550
3467
2630
2892
631
2880
2374
1147
687
4083
3946
2344
3368
4073
1966
3658
1560
498
3083
3821
867
3525
4076
2693
853
1782
2115
3159
2296
3257
142
419
2948
3338
1971
2242
774
1165
3278
2866
2430
3983
3849
2587
194
3715
2986
1097
2391
841
2636
3084
1364
3151
2233
4014
639
1255
781
2687
1720
2379
3864
2279
3992
270
46
1956
3324
3237
1171
1233
516
598
3081
3025
4013
3596
1088
811
1903
1954
2680
1384
2086
2373
4021
317
3729
2478
567
3660
615
2490
2682
2837
1907
503
2182
3941
2595
1949
1895
1365
1050
1006
341
459
131
1188
2498
3219
1154
784
3735
3841
3543
3263
1970
2021
3080
1163
2833
2245
2376
914
2755
123
3223
1061
548
3014
2804
3882
3158
1797
47
5
2313
1639
1905
139
3838
3207
542
2815
689
3829
92
3400
4071
3482
3807
2484
1295
959
1939
2914
2248
2969
605
2147
2124
443
2191
3416
2061
1591
3220
2695
3806
2663
2118
1259
1735
507
2624
2524
359
720
1139
2094
363
387
888
2375
2600
557
3687
533
910
1107
1120
67
572
1134
3441
538
918
622
1310
60
1781
1403
1615
1193
1566
1770
649
200
2380
1716
1886
1378
2224
1235
3804
1995
3327
3608
1254
3514
2795
3468
517
2618
1274
3421
197
93
30
2944
1435
35
933
3908
1527
1149
924
3449
2960
2721
1693
3690
1913
588
2443
386
3200
3904
3699
173
701
1633
45
1501
352
3848
798
2925
1016
4089
1228
845
3927
1116
445
1916
2476
3169
3942
57
2053
1466
3475
612
126
2808
1462
1824
1662
2355
3499
3532
2228
2568
540
3652
3074
1542
3001
2792
3473
256
210
3330
3875
1544
3888
15
1058
3495
3607
2786
1934
3106
3979
1461
2120
3805
1431
2638
3762
1106
3461
3018
1326
3239
2136
3043
3732
2909
2034
1969
808
3590
1541
3206
552
2777
3356
207
1759
2937
3730
4060
2535
1374
2988
3591
2812
2404
2022
2461
3562
3686
3073
2993
3696
2556
2110
113
528
2257
84
4029
182
911
1827
2767
2802
1092
606
3033
3309
3491
823
1414
2567
1298
2929
3905
230
2445
413
3008
1634
3578
2934
176
3361
1930
3650
788
2610
2599
2708
213
676
500
971
870
291
3876
510
311
3017
721
1564
3476
879
3953
263
3076
3311
4034
1408
2076
2047
928
2830
1569
1500
956
2312
3799
553
523
2537
3197
668
3508
3373
4036
2346
3457
949
429
1164
1516
2397
105
2806
2548
2467
1741
3059
2611
478
628
2849
891
1287
1011
201
258
951
927
1587
932
3371
2134
1975
1606
1579
2731
2449
608
1978
2512
2907
835
3013
2495
2095
3427
2294
1182
2097
782
2473
61
996
2446
3918
3362
11
2811
143
1955
222
3256
3451
3786
417
492
3925
2444
921
1528
3065
3741
3796
3921
3384
2148
2164
1177
2293
3981
3776
481
3984
3481
2500
2559
1503
2703
547
1594
3576
2037
2963
1842
1717
2652
3032
2003
1992
3097
591
3626
585
2625
1665
1094
1638
185
2020
1608
1764
4092
2827
1475
512
403
475
3211
273
3266
3513
3990
50
2205
1284
2732
764
3753
1980
610
3389
3910
1829
1206
1727
3509
1556
2945
842
3748
298
2974
1056
227
3304
1146
441
2275
723
3599
2316
955
2552
2088
3713
1802
2129
496
271
2712
2170
458
1201
839
674
643
2149
214
655
2234
1860
2196
1272
3752
1650
3843
1026
2428
3993
2041
1247
208
246
762
596
997
3772
884
1869
3216
890
1317
1761
2463
299
3344
3507
3869
749
1095
1413
519
539
819
1266
1060
3191
3833
2518
320
3450
2790
1670
3438
1330
2709
2
3573
1400
3827
2580
754
886
3235
100
2821
617
452
2071
1191
1460
2656
1872
706
2718
2780
3037
3734
3600
388
2919
1653
1602
525
3435
3133
3722
1682
3012
1027
2872
1792
401
1552
1539
629
1575
1196
3431
3601
3934
1140
1585
526
1469
3096
1663
3846
1248
4016
3056
2283
2829
679
2598
1997
3325
2241
1904
778
1883
2881
2133
346
3881
2219
972
1067
624
86
331
1305
114
1675
983
2697
1375
3917
2588
2575
2933
3036
3155
3102
2975
3419
3775
418
2699
3824
2276
2895
729
193
1909
2098
1220
609
2590
3645
1136
483
893
3755
2593
1526
3259
2469
3982
518
237
3844
2174
3516
592
2740
1132
2112
1401
1806
2742
349
3926
555
3769
850
619
144
770
2946
129
665
1066
1464
583
1878
1185
1718
3635
1114
2366
1555
2608
1075
2230
522
3890
3188
2398
2879
3629
2087
613
1609
3691
1150
597
2729
945
2188
2050
1419
616
1347
3341
716
1628
1721
922
1574
3976
3380
1577
1187
2167
1394
2131
3701
3374
967
3808
3305
3747
323
2350
1861
1944
1402
279
1447
3638
404
2542
171
3168
3006
1424
4094
1996
1181
3262
1505
1743
1616
549
2677
3068
284
321
172
3091
1405
2614
3040
3246
977
2764
1034
181
1647
2779
2977
1826
2006
2386
2121
3489
1558
1865
2557
664
1411
3082
1290
1158
2325
3787
2236
2432
334
1179
394
3581
861
535
1807
3700
2437
3067
2902
2920
1810
3959
1962
1893
3385
3413
1109
2893
2253
1849
282
2694
1035
3055
8
52
926
137
3046
4050
2489
2064
3763
2250
2429
2333
2493
1345
2202
2566
3364
1611
1209
3673
673
564
2516
746
457
3302
3547
1571
1425
2622
1339
1803
3107
274
1427
2660
1582
1467
2733
2440
1453
365
297
2783
1612
2291
163
2770
3192
154
2015
1847
1429
582
4011
2661
1420
1776
1071
24
803
3538
1933
2706
4012
2400
264
2839
175
2063
1404
3132
2069
1896
563
2036
241
2616
3944
872
2736
1221
1946
398
360
307
206
147
283
3659
1796
3597
1535
3523
1688
1072
2674
3478
1198
1898
2707
1785
2797
405
3711
1790
1546
3548
837
3418
2578
3182
1261
1
4004
411
1021
2299
2487
3839
1632
1137
3668
3465
575
1335
2472
17
134
2847
1133
1925
2667
3871
2218
2322
702
3358
1348
102
799
2666
430
3189
1440
1595
1943
1368
1030
179
2237
1695
1297
2589
3004
2408
3972
794
3464
2468
3814
1167
128
136
1257
3198
3447
1733
3029
981
2130
3684
1409
1488
473
2541
658
3039
361
1619
3252
1379
2758
2530
51
3602
3134
2715
2309
1837
3978
3883
3980
3749
3162
4059
681
3345
3973
2005
212
3011
1524
3737
2261
3007
1822
2277
1692
3382
1304
1880
705
1671
3051
2159
2210
667
859
2798
1937
1724
3227
787
183
26
3405
3571
2327
3020
1127
3822
278
3185
2331
1099
3995
3041
614
1624
1543
3931
2696
724
34
3463
399
3649
48
2450
1344
1793
828
1772
3479
642
3606
1013
2928
408
3517
1495
3296
644
4057
3816
3639
3187
4010
3122
2231
1681
1568
1852
1445
3744
2485
3058
3605
3077
3773
714
78
3778
309
800
4049
2399
3999
1613
3909
1766
1592
152
907
174
812
3518
3550
3521
2700
3312
3726
3923
2831
81
161
2435
378
889
1397
844
189
287
815
3916
3754
2033
1207
1343
791
4026
1055
3406
2146
3795
2874
1853
2924
2319
2107
3997
1754
3574
1583
476
2543
1101
3202
3009
254
2268
789
2947
1382
847
1537
2201
2634
2246
391
3402
2351
325
3124
2823
1910
3945
1775
3563
2081
748
1932
178
2008
1331
1985
153
1540
1510
3760
2024
2330
3688
1300
1202
3819
2109
3369
3353
2878
913
2617
1057
3143
3218
2411
504
740
42
3603
1152
829
2243
1703
1043
1128
2643
1008
396
4068
49
1482
1238
3500
2057
289
3485
3851
2410
1951
3471
217
339
1170
1515
2018
2751
1646
2297
4042
1673
1062
3167
1685
427
451
3643
1369
3315
2938
2603
2615
1918
2183
3520
766
2809
3617
502
1377
2621
1321
3320
1839
3015
2128
3379
887
1983
1148
2254
6
827
773
4058
3897
2882
1040
1701
33
471
3661
3524
816
245
3559
3830
779
3366
1302
527
2857
830
1102
3203
2180
3552
1325
1921
2619
32
604
1845
3210
2778
2971
2192
3683
3161
395
854
3483
1217
2441
1038
558
3243
101
409
3644
2817
2538
3061
1794
1596
2168
1318
3487
3565
2393
3047
3069
1664
4028
3614
1840
855
158
2564
162
3297
2151
110
4051
2101
3045
2528
25
1744
166
2140
1513
2215
508
2209
3294
2154
836
3332
2001
3519
965
1418
3551
3811
581
1607
108
196
961
1176
2345
2324
199
3115
3434
2623
3621
3276
584
513
4024
2082
4039
2843
1514
2466
1760
1417
2040
2676
1240
3196
1991
1877
2508
205
3716
1570
3030
1659
203
1844
2771
1352
467
261
818
1947
3217
2965
18
3049
1145
2305
3319
2177
1105
56
3878
2887
1867
3372
2038
532
305
3172
2269
834
1850
757
1014
2853
16
3140
2555
3394
118
2539
2816
2080
1159
1115
2388
2753
2051
1362
3998
1485
3232
272
2181
1927
1372
3812
3503
2267
1218
3588
2545
3536
2805
2789
4015
1851
1506
1446
1936
514
2507
371
2452
962
873
2455
3053
805
2407
3831
1581
382
1823
3845
2655
3401
3370
4074
1069
852
1786
1834
3204
2310
1421
903
1332
2515
2491
3395
3717
3003
2725
1091
3180
3342
2990
3539
3733
3048
2964
2265
1299
2499
675
647
14
1129
3585
82
2601
1600
2295
1476
2927
1989
2832
1784
883
215
267
209
3027
2093
2855
826
1875
3264
1007
600
372
449
3704
3181
3486
3456
3609
3245
2759
1630
3265
989
2195
2992
3615
2913
1702
2932
140
235
3832
2875
1654
2014
1629
1517
3957
1964
2987
2273
3633
2834
1437
1124
2070
238
1005
1974
4075
3031
2453
4085
1705
1911
1320
2337
89
2329
2799
589
1520
3540
2492
1906
2372
1161
607
511
367
1173
1866
3742
3038
2321
3955
3637
2017
3410
2458
3594
4052
1640
3974
2690
1250
3258
1204
2158
1481
3705
3679
204
2464
145
3582
304
4031
3936
3709
966
759
703
3622
894
594
3884
1625
524
3470
1801
2336
468
3557
2563
772
1439
593
2302
2591
326
738
410
3619
3420
1390
1922
2664
1283
4091
482
1490
2153
420
3393
70
3740
2899
848
1879
763
4088
1519
2657
2863
3820
1655
1746
1645
3288
2845
2062
3681
3261
2586
858
1697
1223
3618
1731
1205
1087
1593
780
2488
2852
3537
4030
3985
3123
4069
3183
937
1961
2353
688
1289
3533
58
1024
2479
234
3446
228
1887
1627
1017
1940
1507
2900
300
2665
453
1278
1959
3561
2867
454
149
1070
3494
556
3528
954
3484
1361
1264
1219
1965
753
3504
1863
3452
627
1750
1713
1319
2223
735
1561
1083
1046
2978
120
1892
2686
2840
4035
379
1666
3712
3118
244
3793
353
3363
2208
775
2728
2185
2637
1603
560
2534
925
543
3177
1502
2671
180
3328
2247
2828
3154
308
2356
931
1237
991
2447
1876
3930
2099
64
2574
1690
76
3987
2370
4081
1523
1065
2260
233
1271
484
742
3329
2415
2670
2364
2550
4093
3511
745
3334
2232
3928
1314
3655
2820
565
2970
1986
1976
986
2678
3423
1498
2343
2259
796
1241
1825
470
4063
3150
1832
1491
2704
2747
358
677
247
2117
2997
2953
537
1562
219
3095
293
2175
1316
3943
3072
1740
415
3586
10
587
1025
3991
3415
2481
686
603
1942
1004
1342
804
2059
2048
2102
3852
2451
3780
3390
3553
3669
251
1738
1518
3141
1279
793
1795
1719
3535
980
3249
3399
1538
2772
2091
579
406
3598
2258
2280
1972
1998
480
2702
2422
3531
1243
1337
2949
1078
849
3306
998
3010
31
376
350
1846
2936
2668
2349
3889
1791
1068
2156
973
909
3112
1308
2533
1755
1012
2482
3698
1000
2577
3719
3823
685
938
1889
495
728
2801
2363
2763
1736
3092
2249
2679
3199
795
2794
1981
3121
521
446
2952
1455
3771
712
771
3195
85
2869
2497
232
1053
2583
1048
336
2890
2049
1680
2602
3782
1859
3584
1388
944
699
2396
760
2157
3275
3042
1967
3555
2620
1381
184
2013
530
783
534
141
4037
3674
103
1098
3157
1487
943
1714
3764
2092
1836
3173
3858
302
2939
3378
3396
3877
3439
995
1422
1553
1769
2285
694
1732
416
2628
3872
1483
3505
2198
809
904
3640
1814
2385
1901
2659
2509
1433
633
916
3052
2270
55
1599
3765
987
3110
1142
3194
1430
240
1009
38
3817
2565
2287
1052
4053
402
202
2689
355
290
1945
3526
3340
1454
1480
843
2227
1499
3142
580
2973
1725
4001
2510
3231
2311
660
2850
439
2328
431
4000
2642
4054
1023
3290
1597
722
1122
1982
3103
1426
2594
2540
3433
1100
3234
1929
3530
797
2229
3731
1383
541
2387
2317
3785
2793
3214
1821
2950
3104
2883
3274
2029
1815
1586
3299
1948
1474
2748
2968
2282
1884
2762
3939
80
2045
3424
1521
4020
546
318
3891
3949
1885
736
3125
1051
3376
2417
765
312
698
491
3426
3631
1774
167
223
3273
1489
1049
2561
2042
3725
692
112
2573
2956
2119
3119
3899
952
1551
3996
731
2658
3589
3610
752
571
2138
2304
1674
531
3354
2046
1121
2814
3739
1112
2787
2251
385
1086
1979
825
2052
3101
3493
1398
2698
3152
1033
3682
2214
3236
3745
1751
2967
2424
3810
1111
1230
3788
2244
3801
125
1484
3127
1080
2426
2576
2427
83
2741
2885
437
984
1533
768
3664
351
3632
3860
3283
490
3
3201
3784
3428
3967
3228
1037
3866
2903
776
3802
2342
2848
741
2745
2142
1648
3695
3800
53
294
747
3948
792
2442
2339
693
1831
474
3383
344
3989
121
1704
340
2089
3268
3853
2915
3951
1742
3604
3665
3718
568
269
2862
3066
2065
1894
4077
2513
3770
929
288
570
2868
4045
650
634
3436
1649
2414
3147
333
447
1990
3432
392
2701
77
4019
3545
1478
1251
3534
3697
2358
917
2609
1323
1032
3387
4061
2584
2532
2240
2651
2169
260
2314
1451
2486
4072
3063
2010
3135
3326
632
3893
3145
3566
187
934
744
3322
2711
1044
1448
3247
3397
354
466
3662
2864
3054
2494
669
3727
2844
877
2746
488
1457
384
4003
195
3756
2582
3166
2204
1669
897
73
2409
3667
4041
2145
2298
3339
3803
2522
3242
824
1854
316
1215
3337
1812
590
2825
2434
3016
640
3060
2090
1783
544
3230
993
2942
1234
2135
2691
2077
1953
313
750
1079
369
2389
2688
2720
719
2521
2672
1679
2810
3314
919
3913
813
2471
3774
2212
3961
3549
1341
3359
1226
1442
1443
3174
3024
625
211
268
276
3238
3403
319
96
1917
39
1788
109
3407
97
2271
3515
3758
1103
1076
1385
4043
3940
1767
2292
2646
3409
2776
2961
3761
505
2368
2737
1155
3751
2813
2394
2579
1258
786
3377
3422
3116
3859
1908
2926
999
3392
2983
2976
4095
2433
3270
4018
1322
662
3293
63
2381
2551
1957
840
1391
493
2113
224
133
1229
1914
338
3226
595
621
3085
1118
301
2562
663
469
3090
2200
2835
2710
1973
1472
2274
2068
3647
3575
2981
3100
1773
1763
1432
2462
2206
3693
3064
801
1477
1200
1423
3541
1117
2612
817
769
3840
1620
3454
3828
2465
3108
2418
4008
3798
3791
761
3898
3720
3411
2035
380
554
1765
3209
3170
838
3743
656
601
3323
1841
3568
3759
1567
2904
2569
3250
3466
3911
3477
2635
871
1108
2416
707
3221
400
2448
960
1651
3205
69
2360
2726
337
2851
3672
755
3437
2301
4023
1737
315
3915
1389
704
3879
1180
1277
2262
970
3527
915
440
2213
436
2761
1601
3429
3707
3303
1862
2377
3962
2744
3583
1157
3654
2193
1232
1963
1189
2871
654
188
2649
2439
3079
2289
2943
2406
2714
4086
2912
574
2781
831
2384
1194
1438
1309
821
1172
1312
3088
2171
104
1508
1249
3653
1598
3224
2194
2585
3057
226
2819
3677
1144
2951
1912
3120
561
3442
866
1817
2886
1580
168
1548
4070
2685
1303
1340
3971
3163
3937
1252
4096
2940
2645
3139
1186
730
1931
2918
4078
225
3825
2144
165
1734
1762
820
1642
13
1643
239
3099
1855
3963
2654
1993
1459
2007
3933
3028
286
2998
2470
1530
3922
265
2056
2858
2760
3826
1246
2979
974
3398
1468
2100
3094
1820
1813
3680
2073
1694
1162
1294
2739
2226
1618
1434
1130
229
389
1280
1450
1110
2078
734
683
356
576
3929
4032
343
3087
4067
1920
1084
3919
3809
863
2592
3628
3886
146
107
3676
450
2187
623
2525
682
3148
21
1999
422
36
2719
1126
501
329
249
3670
645
2854
2320
3260
3331
2506
2111
509
2504
1276
1395
2256
2980
1789
3542
1041
1353
1156
1706
2782
1938
3388
2669
1313
2425
2176
4084
751
3286
1711
1356
1073
3496
2085
2179
1415
1968
3244
2523
3254
802
1412
3902
2369
1211
3175
3284
3887
1473
1511
2403
1614
1712
4065
2653
1346
1496
66
2502
1064
3213
912
22
332
98
2633
2326
9
1407
1661
3648
2906
23
2750
646
1269
1729
3779
2300
3281
2571
536
1572
99
1658
2796
1941
846
726
366
2503
2785
3567
3554
994
1366
2044
1787
636
930
2108
1093
1707
1367
2803
4007
2104
898
630
164
1018
2800
2106
1900
684
3367
2172
2054
3098
43
1224
2362
2570
2841
2640
3572
3892
3746
3657
3287
2705
296
190
672
3818
2873
2916
2894
3906
856
306
3556
1244
1660
875
2235
3634
2072
2160
157
3241
1410
479
717
1610
3947
2957
1858
2203
3790
253
2405
727
3558
2511
3280
3062
3336
2908
148
3267
3492
2917
1195
4027
2189
2910
2252
2412
1919
198
292
638
715
434
135
2028
1512
3794
1449
1396
3292
393
2079
4082
169
1549
150
170
2303
432
2722
1184
29
857
3149
4047
1808
2905
1804
1125
3613
370
2000
3253
2075
2505
708
2768
1436
132
3529
3966
3570
3300
3767
3321
1306
2560
2959
586
1263
2749
2365
732
1924
90
3678
2769
1652
2178
2826
1479
119
3569
1672
1641
3920
3783
1015
1275
758
348
2724
920
626
2354
4090
3000
2775
3272
1358
421
2436
691
3813
1301
2143
2284
3225
1604
1020
1818
2923
1063
3346
2641
464
2278
1151
59
1726
3627
335
874
3724
1019
3954
285
3894
2190
3480
3381
2132
806
377
3868
364
670
4005
2889
2897
4
3160
578
362
851
1336
3335
1131
3019
3907
515
2597
2454
1779
2009
375
252
1926
3880
3440
462
2496
2058
3952
814
1293
1160
520
2921
1387
550
1175
1428
3895
2475
236
2103
116
1757
3685
1504
2958
2438
44
3357
1291
4025
3291
20
2931
2199
620
3502
280
3977
599
1723
3862
1273
3593
2650
3408
2332
1497
559
2681
2359
3624
3988
1333
1928
2517
1758
2784
314
865
1780
2141
1296
3078
3994
2519
3789
423
3706
725
1676
2308
2647
3023
117
982
2941
3208
881
3289
3512
3317
381
905
3870
390
3642
3970
2216
3277
1667
2842
2419
1687
3510
127
1456
3469
2717
2922
1351
1216
1327
2536
3375
690
2127
3792
4046
1039
2662
869
486
2067
1565
1756
2290
2632
2334
964
2116
3109
1031
424
1728
573
3646
2754
3164
2891
1441
74
2822
27
3146
499
939
3935
1935
953
1192
1183
1684
2607
908
864
2501
242
3932
833
460
1214
275
1626
2011
3692
822
2856
3430
1621
2675
1386
1897
3595
216
1559
2527
1143
1166
54
737
2554
1213
651
79
2757
383
4064
2774
3766
3736
1493
71
1902
3333
3279
2477
1138
2352
659
3186
3924
130
3222
3689
1354
1022
1292
666
1452
876
342
946
266
975
3365
1463
3130
1623
243
2911
2738
3178
678
1710
1270
3310
2756
2421
3873
3854
1256
648
2836
1573
3815
635
3349
2870
2838
2220
2263
1843
2163
1225
1486
3153
3131
2023
3034
2773
2266
2994
1531
2066
1470
3021
680
3126
2631
3708
1203
1529
2818
3307
2165
2716
368
3295
902
652
1190
3488
426
19
899
3625
3298
2016
2480
1871
3089
733
3694
1994
1003
1242
3579
545
3156
2186
1239
1286
1123
1370
4048
3404
3459
1113
1169
2222
2431
75
1563
2004
444
1698
2225
12
3352
958
1722
1197
94
3850
2730
2347
4009
1700
1636
3179
3836
1830
1260
2166
790
3350
3071
2791
1811
2596
2382
2982
882
3901
456
2999
250
577
3834
4006
3671
2401
2824
41
767
2901
3035
3136
1557
807